Car 0.00 0 0.00 0.00 0.00 0.00 0.00 1.5510 1.9022 4.6956 21.4220 -26.2534 -6.4702 1.6141
Pedestrian 0.00 0 0.00 0.00 0.00 0.00 0.00 1.7000 0.6990 0.7910 46.6008 40.8542 -6.2141 -0.5796
Car 0.00 1 0.00 0.00 0.00 0.00 0.00 1.5000 1.8998 4.0998 31.3600 -28.3530 -6.5550 1.5620
Car 0.00 0 0.00 0.00 0.00 0.00 0.00 1.5000 2.0370 4.3995 21.6566 -33.4002 -6.4402 1.6144
Car 0.00 0 0.00 0.00 0.00 0.00 0.00 1.5999 1.8990 4.0996 15.6539 31.5228 -7.4486 -1.7575
Car 0.00 1 0.00 0.00 0.00 0.00 0.00 1.5000 1.8990 4.0996 16.8209 37.5027 -7.4503 -1.7575
Car 0.00 1 0.00 0.00 0.00 0.00 0.00 1.5000 1.8998 4.0998 28.0921 -26.9546 -6.4052 1.5443
Car 0.00 0 0.00 0.00 0.00 0.00 0.00 1.5000 1.8998 4.0998 32.0107 -35.4227 -6.4191 1.5969
Car 0.00 1 0.00 0.00 0.00 0.00 0.00 1.5530 1.8990 4.0996 12.7957 36.2997 -7.6325 -1.7575
Car 0.00 0 0.00 0.00 0.00 0.00 0.00 1.5024 1.8984 4.0979 -86.8301 5.8762 -9.4133 3.1090
Car 0.00 0 0.00 0.00 0.00 0.00 0.00 1.6483 1.8736 4.0995 11.5109 29.8353 -7.5421 -1.7575
Pedestrian 0.00 0 0.00 0.00 0.00 0.00 0.00 1.7024 0.7548 0.7211 47.8786 -22.4142 -5.7738 2.2188
Truck 0.00 1 0.00 0.00 0.00 0.00 0.00 4.0830 2.9959 5.8323 46.9850 7.9969 -4.9879 -3.0083
Pedestrian 0.00 0 0.00 0.00 0.00 0.00 0.00 1.8354 0.7406 1.0616 15.4034 -18.5304 -6.5510 -3.0454
Car 0.00 1 0.00 0.00 0.00 0.00 0.00 1.4996 1.8990 4.0996 15.4474 49.7452 -7.6000 -1.7575
Car 0.00 0 0.00 0.00 0.00 0.00 0.00 1.4964 1.9028 4.1049 63.8536 0.2590 -6.0111 0.0962
Car 0.00 0 0.00 0.00 0.00 0.00 0.00 1.4984 1.8986 4.0987 -22.4323 4.1750 -8.0800 -3.0938
Truck 0.00 1 0.00 0.00 0.00 0.00 0.00 4.1526 3.0019 10.9977 52.1879 8.7123 -4.9096 -3.0120
