Car 0.00 0 0.00 0.00 0.00 0.00 0.00 1.5510 1.9022 4.6956 21.4238 -26.2423 -6.4702 1.6141
Car 0.00 1 0.00 0.00 0.00 0.00 0.00 1.5000 1.8998 4.0998 31.3016 -28.3525 -6.5550 1.5620
Car 0.00 0 0.00 0.00 0.00 0.00 0.00 1.5000 2.0370 4.3995 21.6474 -33.3890 -6.4402 1.6147
Car 0.00 0 0.00 0.00 0.00 0.00 0.00 1.5999 1.8990 4.0996 15.6503 31.4898 -7.4486 -1.7575
Car 0.00 1 0.00 0.00 0.00 0.00 0.00 1.5000 1.8990 4.0996 16.8329 37.4976 -7.4503 -1.7575
Car 0.00 1 0.00 0.00 0.00 0.00 0.00 1.5000 1.8998 4.0998 28.0828 -26.9595 -6.4052 1.5271
Car 0.00 0 0.00 0.00 0.00 0.00 0.00 1.5000 1.8998 4.0998 32.0144 -35.4460 -6.4191 1.5969
Car 0.00 1 0.00 0.00 0.00 0.00 0.00 1.5530 1.8990 4.0996 12.8092 36.2983 -7.6325 -1.7575
Car 0.00 0 0.00 0.00 0.00 0.00 0.00 1.6483 1.8736 4.0995 11.5049 29.8117 -7.5421 -1.7575
Pedestrian 0.00 2 0.00 0.00 0.00 0.00 0.00 1.7024 0.7548 0.7211 46.6454 -20.0935 -5.7738 2.2188
Truck 0.00 1 0.00 0.00 0.00 0.00 0.00 4.0830 2.9959 5.8323 46.9971 8.0119 -4.9879 -2.9908
Pedestrian 0.00 0 0.00 0.00 0.00 0.00 0.00 1.8354 0.7406 1.0616 12.2315 -18.7240 -6.5510 -3.0448
Car 0.00 1 0.00 0.00 0.00 0.00 0.00 1.4996 1.8990 4.0996 15.2820 48.9817 -7.6000 -1.7575
Car 0.00 0 0.00 0.00 0.00 0.00 0.00 1.4964 1.9028 4.1049 88.2757 4.4696 -6.0111 0.0962
Truck 0.00 1 0.00 0.00 0.00 0.00 0.00 4.1526 3.0019 10.9977 52.1776 8.7842 -4.9096 -2.9945
Car 0.00 0 0.00 0.00 0.00 0.00 0.00 1.4984 1.8986 4.0987 -45.5375 2.2402 -8.2432 3.1370
Car 0.00 0 0.00 0.00 0.00 0.00 0.00 1.5000 1.9032 4.1049 39.5857 -0.8688 -6.6873 0.0828
Pedestrian 0.00 0 0.00 0.00 0.00 0.00 0.00 1.7000 0.6991 0.7910 49.4030 39.9346 -6.1958 -0.5796
