Car 0.00 0 0.00 0.00 0.00 0.00 0.00 1.5510 1.9022 4.6956 21.4214 -26.2543 -6.4702 1.6141
Car 0.00 1 0.00 0.00 0.00 0.00 0.00 1.5000 1.8998 4.0998 31.3624 -28.3530 -6.5550 1.5620
Car 0.00 0 0.00 0.00 0.00 0.00 0.00 1.5000 2.0370 4.3995 21.7308 -33.4330 -6.4402 1.5972
Car 0.00 0 0.00 0.00 0.00 0.00 0.00 1.5999 1.8990 4.0996 15.6728 31.4839 -7.4486 -1.7575
Car 0.00 1 0.00 0.00 0.00 0.00 0.00 1.5000 1.8990 4.0996 16.8179 37.4858 -7.4503 -1.7575
Car 0.00 1 0.00 0.00 0.00 0.00 0.00 1.5000 1.8998 4.0998 28.0339 -26.9758 -6.4052 1.5795
Car 0.00 0 0.00 0.00 0.00 0.00 0.00 1.5000 1.8998 4.0998 31.9929 -35.3665 -6.4191 1.5969
Car 0.00 1 0.00 0.00 0.00 0.00 0.00 1.5530 1.8990 4.0996 12.8029 36.2866 -7.6325 -1.7575
Car 0.00 0 0.00 0.00 0.00 0.00 0.00 1.6483 1.8736 4.0995 11.5163 29.8395 -7.5421 -1.7581
Pedestrian 0.00 0 0.00 0.00 0.00 0.00 0.00 1.7024 0.7548 0.7211 42.3091 -12.2427 -5.7738 2.2188
Truck 0.00 1 0.00 0.00 0.00 0.00 0.00 4.0830 2.9959 5.8323 46.6147 7.9493 -4.9879 -2.9908
Car 0.00 1 0.00 0.00 0.00 0.00 0.00 1.4996 1.8990 4.0996 15.2985 48.9977 -7.6000 -1.7575
Car 0.00 0 0.00 0.00 0.00 0.00 0.00 1.4954 1.9024 4.0993 44.0767 14.7393 -6.0972 -3.0434
Car 0.00 0 0.00 0.00 0.00 0.00 0.00 1.5026 1.7336 4.1034 -54.8670 -8.2594 -8.5742 0.0365
Truck 0.00 1 0.00 0.00 0.00 0.00 0.00 4.1525 3.0019 10.9977 51.8884 8.7528 -4.8941 -2.9939
Pedestrian 0.00 0 0.00 0.00 0.00 0.00 0.00 1.7000 0.6990 0.7911 55.9706 37.1538 -6.3139 -0.5622
Car 0.00 0 0.00 0.00 0.00 0.00 0.00 1.4984 1.8986 4.0986 -133.5205 9.0759 -10.0523 2.9450
