Car 0.00 0 0.00 0.00 0.00 0.00 0.00 1.5510 1.9022 4.6956 21.4336 -26.2534 -6.4702 1.6141
Car 0.00 1 0.00 0.00 0.00 0.00 0.00 1.5000 1.8998 4.0998 31.3022 -28.3525 -6.5550 1.5620
Car 0.00 0 0.00 0.00 0.00 0.00 0.00 1.5000 2.0370 4.3995 21.6286 -33.4594 -6.4402 1.6144
Car 0.00 0 0.00 0.00 0.00 0.00 0.00 1.5999 1.8990 4.0996 15.6475 31.4882 -7.4486 -1.7575
Car 0.00 1 0.00 0.00 0.00 0.00 0.00 1.5000 1.8990 4.0996 16.8241 37.4973 -7.4503 -1.7575
Car 0.00 1 0.00 0.00 0.00 0.00 0.00 1.5000 1.8998 4.0998 28.0812 -26.9599 -6.4052 1.5446
Car 0.00 0 0.00 0.00 0.00 0.00 0.00 1.5000 1.8998 4.0998 31.9929 -35.4449 -6.4191 1.5969
Car 0.00 1 0.00 0.00 0.00 0.00 0.00 1.5530 1.8990 4.0996 12.7989 36.3081 -7.6325 -1.7575
Car 0.00 0 0.00 0.00 0.00 0.00 0.00 1.6483 1.8736 4.0995 11.4884 29.8326 -7.5421 -1.7575
Pedestrian 0.00 2 0.00 0.00 0.00 0.00 0.00 1.7024 0.7548 0.7211 46.6729 -20.2501 -5.7738 2.2188
Truck 0.00 1 0.00 0.00 0.00 0.00 0.00 4.0830 2.9959 5.8323 46.9795 7.9942 -4.9879 -2.9908
Pedestrian 0.00 0 0.00 0.00 0.00 0.00 0.00 1.8354 0.7406 1.0616 12.3603 -18.7458 -6.5510 -3.0448
Car 0.00 1 0.00 0.00 0.00 0.00 0.00 1.4996 1.8990 4.0996 15.2867 48.9672 -7.6000 -1.7575
Car 0.00 0 0.00 0.00 0.00 0.00 0.00 1.4964 1.9028 4.1049 86.8399 4.2224 -6.0111 0.0962
Truck 0.00 1 0.00 0.00 0.00 0.00 0.00 4.1526 3.0019 10.9977 52.1767 8.7860 -4.9096 -2.9945
Car 0.00 0 0.00 0.00 0.00 0.00 0.00 1.4984 1.8986 4.0987 -44.3013 2.3088 -8.2432 3.1370
Car 0.00 0 0.00 0.00 0.00 0.00 0.00 1.5000 1.9032 4.1049 37.7345 -1.0749 -6.6873 0.0828
Pedestrian 0.00 0 0.00 0.00 0.00 0.00 0.00 1.7000 0.6991 0.7910 49.3398 40.0384 -6.1958 -0.5796
