Car 0.00 0 0.00 0.00 0.00 0.00 0.00 1.5510 1.9022 4.6956 21.4170 -26.2518 -6.4702 1.6141
Car 0.00 1 0.00 0.00 0.00 0.00 0.00 1.5000 1.8998 4.0998 31.3618 -28.3530 -6.5550 1.5620
Car 0.00 0 0.00 0.00 0.00 0.00 0.00 1.5000 2.0370 4.3995 21.7831 -33.4541 -6.4402 1.6147
Car 0.00 0 0.00 0.00 0.00 0.00 0.00 1.5999 1.8990 4.0996 15.6274 31.5141 -7.4486 -1.7575
Car 0.00 1 0.00 0.00 0.00 0.00 0.00 1.5000 1.8990 4.0996 16.8073 37.5010 -7.4503 -1.7575
Car 0.00 1 0.00 0.00 0.00 0.00 0.00 1.5000 1.8998 4.0998 28.0888 -26.9612 -6.4052 1.5446
Car 0.00 0 0.00 0.00 0.00 0.00 0.00 1.5000 1.8998 4.0998 31.9724 -35.3907 -6.4191 1.5969
Car 0.00 1 0.00 0.00 0.00 0.00 0.00 1.5530 1.8990 4.0996 12.7862 36.3066 -7.6325 -1.7575
Car 0.00 0 0.00 0.00 0.00 0.00 0.00 1.6483 1.8736 4.0995 11.5113 29.8575 -7.5421 -1.7581
Pedestrian 0.00 1 0.00 0.00 0.00 0.00 0.00 1.7024 0.7548 0.7211 43.4769 -13.8815 -5.7738 2.2188
Truck 0.00 1 0.00 0.00 0.00 0.00 0.00 4.0830 2.9959 5.8323 46.9812 8.0056 -4.9879 -2.9908
Pedestrian 0.00 0 0.00 0.00 0.00 0.00 0.00 1.8354 0.7406 1.0616 3.0387 -19.1280 -6.5510 -3.0448
Car 0.00 1 0.00 0.00 0.00 0.00 0.00 1.4996 1.8990 4.0996 15.2959 49.0076 -7.6000 -1.7575
Car 0.00 0 0.00 0.00 0.00 0.00 0.00 1.4954 1.9024 4.0993 47.9995 14.7483 -6.0972 -3.0609
Car 0.00 0 0.00 0.00 0.00 0.00 0.00 1.5026 1.7336 4.1034 -69.3862 -8.1944 -8.5742 -0.0334
Truck 0.00 1 0.00 0.00 0.00 0.00 0.00 4.1525 3.0019 10.9977 52.0895 8.7694 -4.8941 -2.9945
Car 0.00 0 0.00 0.00 0.00 0.00 0.00 1.4984 1.8986 4.0986 -107.7761 4.0798 -9.6970 3.0846
