Car 0.00 0 0.00 0.00 0.00 0.00 0.00 1.5510 1.9022 4.6956 21.4027 -26.2546 -6.4702 1.6141
Car 0.00 1 0.00 0.00 0.00 0.00 0.00 1.5000 1.8998 4.0998 31.3613 -28.3530 -6.5550 1.5620
Car 0.00 0 0.00 0.00 0.00 0.00 0.00 1.5000 2.0370 4.3995 21.6918 -33.4667 -6.4402 1.6147
Car 0.00 0 0.00 0.00 0.00 0.00 0.00 1.5999 1.8990 4.0996 15.6417 31.5160 -7.4486 -1.7575
Car 0.00 1 0.00 0.00 0.00 0.00 0.00 1.5000 1.8990 4.0996 16.7556 37.5019 -7.4503 -1.7575
Car 0.00 1 0.00 0.00 0.00 0.00 0.00 1.5000 1.8998 4.0998 28.0610 -26.9641 -6.4052 1.5446
Car 0.00 0 0.00 0.00 0.00 0.00 0.00 1.5000 1.8998 4.0998 32.0026 -35.4538 -6.4191 1.5969
Car 0.00 1 0.00 0.00 0.00 0.00 0.00 1.5530 1.8990 4.0996 12.8055 36.3012 -7.6325 -1.7575
Car 0.00 0 0.00 0.00 0.00 0.00 0.00 1.6483 1.8736 4.0995 11.5256 29.8475 -7.5421 -1.7581
Pedestrian 0.00 1 0.00 0.00 0.00 0.00 0.00 1.7024 0.7548 0.7211 44.3643 -15.2425 -5.7738 2.2188
Truck 0.00 1 0.00 0.00 0.00 0.00 0.00 4.0830 2.9959 5.8323 46.9534 7.9895 -4.9879 -2.9908
Pedestrian 0.00 0 0.00 0.00 0.00 0.00 0.00 1.8354 0.7406 1.0616 4.9417 -19.0108 -6.5510 -3.0448
Car 0.00 1 0.00 0.00 0.00 0.00 0.00 1.4996 1.8990 4.0996 15.3929 48.9748 -7.6000 -1.7575
Truck 0.00 1 0.00 0.00 0.00 0.00 0.00 4.1526 3.0019 10.9977 52.0532 8.7716 -4.9096 -2.9945
Car 0.00 0 0.00 0.00 0.00 0.00 0.00 1.4954 1.9024 4.0993 53.6457 15.3293 -6.0972 -3.0609
Car 0.00 0 0.00 0.00 0.00 0.00 0.00 1.5026 1.7336 4.1034 -88.7151 -6.9851 -8.8170 -0.1206
