Car 0.00 0 0.00 0.00 0.00 0.00 0.00 1.5510 1.9022 4.6956 21.4314 -26.1959 -6.4702 1.6248
Car 0.00 1 0.00 0.00 0.00 0.00 0.00 1.5000 1.8998 4.0998 31.5169 -28.4149 -6.5550 1.5770
Car 0.00 0 0.00 0.00 0.00 0.00 0.00 1.5000 2.0370 4.3995 21.7532 -33.4513 -6.4402 1.6291
Car 0.00 0 0.00 0.00 0.00 0.00 0.00 1.5999 1.8990 4.0996 15.7715 31.5236 -7.4486 -1.8105
Car 0.00 1 0.00 0.00 0.00 0.00 0.00 1.5000 1.8990 4.0996 16.8456 37.4683 -7.4503 -1.8105
Car 0.00 1 0.00 0.00 0.00 0.00 0.00 1.5000 1.8998 4.0998 28.1022 -26.9552 -6.4052 1.5770
Car 0.00 0 0.00 0.00 0.00 0.00 0.00 1.5000 1.8998 4.0998 31.9492 -35.4769 -6.4191 1.5945
Car 0.00 1 0.00 0.00 0.00 0.00 0.00 1.5530 1.8990 4.0996 12.8943 36.2747 -7.6325 -1.7933
Car 0.00 0 0.00 0.00 0.00 0.00 0.00 1.6483 1.8736 4.0995 11.5921 29.8280 -7.5421 -1.7933
Pedestrian 0.00 0 0.00 0.00 0.00 0.00 0.00 1.7024 0.7548 0.7211 41.6491 -9.6518 -5.7738 1.5317
Truck 0.00 0 0.00 0.00 0.00 0.00 0.00 4.0830 2.9959 5.8323 43.2570 7.5371 -4.9879 -3.0539
Car 0.00 1 0.00 0.00 0.00 0.00 0.00 1.4996 1.8990 4.0996 15.3008 48.9653 -7.6000 -1.7750
Car 0.00 0 0.00 0.00 0.00 0.00 0.00 1.4954 1.9024 4.0993 43.9109 14.2004 -6.0972 -3.0280
Car 0.00 0 0.00 0.00 0.00 0.00 0.00 1.5026 1.7336 4.1034 -37.2212 -8.1105 -8.5742 0.0190
Truck 0.00 0 0.00 0.00 0.00 0.00 0.00 4.1525 3.0019 10.9977 50.0659 8.1647 -4.8941 -3.0565
Pedestrian 0.00 0 0.00 0.00 0.00 0.00 0.00 1.7000 0.6990 0.7911 58.0476 36.3306 -6.3139 -0.5622
Car 0.00 0 0.00 0.00 0.00 0.00 0.00 1.5034 1.9028 4.1032 22.9502 12.5724 -6.8614 1.0022
