Car 0.00 0 0.00 0.00 0.00 0.00 0.00 1.5510 1.9022 4.6956 21.3953 -26.2540 -6.4702 1.6141
Car 0.00 1 0.00 0.00 0.00 0.00 0.00 1.5000 1.8998 4.0998 31.3620 -28.3530 -6.5550 1.5620
Car 0.00 0 0.00 0.00 0.00 0.00 0.00 1.5000 2.0370 4.3995 21.7299 -33.4532 -6.4402 1.6147
Car 0.00 0 0.00 0.00 0.00 0.00 0.00 1.5999 1.8990 4.0996 15.6619 31.5088 -7.4486 -1.7575
Car 0.00 1 0.00 0.00 0.00 0.00 0.00 1.5000 1.8990 4.0996 16.8274 37.5076 -7.4503 -1.7575
Car 0.00 1 0.00 0.00 0.00 0.00 0.00 1.5000 1.8998 4.0998 28.0983 -26.9608 -6.4052 1.5446
Car 0.00 0 0.00 0.00 0.00 0.00 0.00 1.5000 1.8998 4.0998 32.0344 -35.4244 -6.4191 1.5969
Car 0.00 1 0.00 0.00 0.00 0.00 0.00 1.5530 1.8990 4.0996 12.8064 36.3144 -7.6325 -1.7575
Car 0.00 0 0.00 0.00 0.00 0.00 0.00 1.6483 1.8736 4.0995 11.5240 29.8433 -7.5421 -1.7581
Pedestrian 0.00 0 0.00 0.00 0.00 0.00 0.00 1.7024 0.7548 0.7211 43.0008 -13.3471 -5.7738 2.2188
Truck 0.00 1 0.00 0.00 0.00 0.00 0.00 4.0830 2.9959 5.8323 46.9695 8.0031 -4.9879 -2.9908
Pedestrian 0.00 0 0.00 0.00 0.00 0.00 0.00 1.8354 0.7406 1.0616 2.3067 -19.1091 -6.5510 -3.0448
Car 0.00 1 0.00 0.00 0.00 0.00 0.00 1.4996 1.8990 4.0996 15.2815 48.9981 -7.6000 -1.7575
Car 0.00 0 0.00 0.00 0.00 0.00 0.00 1.4954 1.9024 4.0993 46.1588 14.5741 -6.0972 -3.0434
Car 0.00 0 0.00 0.00 0.00 0.00 0.00 1.5026 1.7336 4.1034 -63.8801 -8.1303 -8.5742 0.0190
Truck 0.00 1 0.00 0.00 0.00 0.00 0.00 4.1525 3.0019 10.9977 52.0876 8.7444 -4.8941 -2.9945
Pedestrian 0.00 1 0.00 0.00 0.00 0.00 0.00 1.7000 0.6990 0.7911 54.9447 37.4946 -6.3139 -0.5796
Car 0.00 0 0.00 0.00 0.00 0.00 0.00 1.4984 1.8986 4.0986 -115.9674 5.3578 -9.8388 2.9974
