Car 0.00 0 0.00 0.00 0.00 0.00 0.00 1.5510 1.9022 4.6956 21.3994 -26.2468 -6.4702 1.6315
Car 0.00 1 0.00 0.00 0.00 0.00 0.00 1.5000 1.8998 4.0998 31.3599 -28.3530 -6.5550 1.5620
Car 0.00 0 0.00 0.00 0.00 0.00 0.00 1.5000 2.0370 4.3995 21.7358 -33.4644 -6.4402 1.6147
Car 0.00 0 0.00 0.00 0.00 0.00 0.00 1.5999 1.8990 4.0996 15.6550 31.5073 -7.4486 -1.7575
Car 0.00 1 0.00 0.00 0.00 0.00 0.00 1.5000 1.8990 4.0996 16.8073 37.4617 -7.4503 -1.7575
Car 0.00 1 0.00 0.00 0.00 0.00 0.00 1.5000 1.8998 4.0998 28.0709 -26.9707 -6.4052 1.5446
Car 0.00 0 0.00 0.00 0.00 0.00 0.00 1.5000 1.8998 4.0998 32.0435 -35.4503 -6.4191 1.5969
Car 0.00 1 0.00 0.00 0.00 0.00 0.00 1.5530 1.8990 4.0996 12.7629 36.3140 -7.6325 -1.7575
Car 0.00 0 0.00 0.00 0.00 0.00 0.00 1.6483 1.8736 4.0995 11.4965 29.8544 -7.5421 -1.7575
Pedestrian 0.00 0 0.00 0.00 0.00 0.00 0.00 1.7024 0.7548 0.7211 45.6855 -18.4069 -5.7738 2.2188
Truck 0.00 1 0.00 0.00 0.00 0.00 0.00 4.0830 2.9959 5.8323 46.9584 8.0049 -4.9879 -2.9908
Pedestrian 0.00 0 0.00 0.00 0.00 0.00 0.00 1.8354 0.7406 1.0616 9.5099 -18.8831 -6.5510 -3.0448
Car 0.00 1 0.00 0.00 0.00 0.00 0.00 1.4996 1.8990 4.0996 15.2939 48.9916 -7.6000 -1.7575
Truck 0.00 1 0.00 0.00 0.00 0.00 0.00 4.1526 3.0019 10.9977 52.1588 8.7622 -4.9096 -2.9945
Car 0.00 0 0.00 0.00 0.00 0.00 0.00 1.4984 1.8986 4.0987 -62.1758 2.3386 -8.2432 3.1370
Car 0.00 0 0.00 0.00 0.00 0.00 0.00 1.5000 1.9032 4.1049 65.2273 2.9746 -6.6873 0.1482
Pedestrian 0.00 0 0.00 0.00 0.00 0.00 0.00 1.7000 0.6991 0.7910 50.7650 39.2741 -6.1958 -0.5796
Car 0.00 0 0.00 0.00 0.00 0.00 0.00 1.4954 1.9024 4.0993 67.1637 15.7005 -6.0972 -3.0609
