Car 0.00 0 0.00 0.00 0.00 0.00 0.00 1.5510 1.9022 4.6956 21.4183 -26.2531 -6.4702 1.6141
Car 0.00 1 0.00 0.00 0.00 0.00 0.00 1.5000 1.8998 4.0998 31.3607 -28.3530 -6.5550 1.5620
Car 0.00 0 0.00 0.00 0.00 0.00 0.00 1.5000 2.0370 4.3995 21.6792 -33.4680 -6.4402 1.6147
Car 0.00 0 0.00 0.00 0.00 0.00 0.00 1.5999 1.8990 4.0996 15.6568 31.4861 -7.4486 -1.7575
Car 0.00 1 0.00 0.00 0.00 0.00 0.00 1.5000 1.8990 4.0996 16.8138 37.4880 -7.4503 -1.7575
Car 0.00 1 0.00 0.00 0.00 0.00 0.00 1.5000 1.8998 4.0998 28.0440 -26.9667 -6.4052 1.5446
Car 0.00 0 0.00 0.00 0.00 0.00 0.00 1.5000 1.8998 4.0998 32.0016 -35.4893 -6.4191 1.5969
Car 0.00 1 0.00 0.00 0.00 0.00 0.00 1.5530 1.8990 4.0996 12.8139 36.3572 -7.6325 -1.7575
Car 0.00 0 0.00 0.00 0.00 0.00 0.00 1.6483 1.8736 4.0995 11.4941 29.8415 -7.5421 -1.7575
Pedestrian 0.00 0 0.00 0.00 0.00 0.00 0.00 1.7024 0.7548 0.7211 45.1735 -17.2362 -5.7738 2.2188
Truck 0.00 1 0.00 0.00 0.00 0.00 0.00 4.0830 2.9959 5.8323 47.0066 7.9984 -4.9879 -2.9908
Pedestrian 0.00 0 0.00 0.00 0.00 0.00 0.00 1.8354 0.7406 1.0616 7.7786 -18.9122 -6.5510 -3.0448
Car 0.00 1 0.00 0.00 0.00 0.00 0.00 1.4996 1.8990 4.0996 15.3005 48.9871 -7.6000 -1.7575
Truck 0.00 1 0.00 0.00 0.00 0.00 0.00 4.1526 3.0019 10.9977 52.1328 8.7748 -4.9096 -2.9945
Car 0.00 0 0.00 0.00 0.00 0.00 0.00 1.5000 1.9032 4.1049 81.7389 5.3408 -6.6873 0.1628
Pedestrian 0.00 0 0.00 0.00 0.00 0.00 0.00 1.7000 0.6991 0.7910 51.7554 38.8098 -6.1958 -0.5796
Car 0.00 0 0.00 0.00 0.00 0.00 0.00 1.4954 1.9024 4.0993 61.7083 16.0687 -6.0972 -3.0609
