Car 0.00 0 0.00 0.00 0.00 0.00 0.00 1.5510 1.9022 4.6956 21.4223 -26.2534 -6.4702 1.6141
Pedestrian 0.00 0 0.00 0.00 0.00 0.00 0.00 1.7000 0.6990 0.7910 46.6008 40.8542 -6.2141 -0.5796
Car 0.00 1 0.00 0.00 0.00 0.00 0.00 1.5000 1.8998 4.0998 31.3600 -28.3530 -6.5550 1.5620
Car 0.00 0 0.00 0.00 0.00 0.00 0.00 1.5000 2.0370 4.3995 21.6778 -33.3079 -6.4402 1.6144
Car 0.00 0 0.00 0.00 0.00 0.00 0.00 1.5999 1.8990 4.0996 15.6765 31.5044 -7.4486 -1.7575
Car 0.00 1 0.00 0.00 0.00 0.00 0.00 1.5000 1.8990 4.0996 16.7689 37.4903 -7.4503 -1.7575
Car 0.00 1 0.00 0.00 0.00 0.00 0.00 1.5000 1.8998 4.0998 28.0711 -26.9412 -6.4052 1.5443
Car 0.00 0 0.00 0.00 0.00 0.00 0.00 1.5000 1.8998 4.0998 31.9672 -35.4462 -6.4191 1.5969
Car 0.00 1 0.00 0.00 0.00 0.00 0.00 1.5530 1.8990 4.0996 12.8110 36.2853 -7.6325 -1.7575
Car 0.00 0 0.00 0.00 0.00 0.00 0.00 1.5024 1.8984 4.0979 -86.8301 5.8762 -9.4133 3.1090
Car 0.00 0 0.00 0.00 0.00 0.00 0.00 1.6483 1.8736 4.0995 11.5198 29.7968 -7.5421 -1.7575
Pedestrian 0.00 0 0.00 0.00 0.00 0.00 0.00 1.7024 0.7548 0.7211 48.0413 -22.5477 -5.7738 2.2188
Truck 0.00 1 0.00 0.00 0.00 0.00 0.00 4.0830 2.9959 5.8323 46.9978 7.9983 -4.9879 -3.0083
Pedestrian 0.00 0 0.00 0.00 0.00 0.00 0.00 1.8354 0.7406 1.0616 15.5095 -18.4919 -6.5510 -3.0451
Car 0.00 1 0.00 0.00 0.00 0.00 0.00 1.4996 1.8990 4.0996 15.4579 49.7999 -7.6000 -1.7575
Car 0.00 0 0.00 0.00 0.00 0.00 0.00 1.4964 1.9028 4.1049 62.3812 0.0803 -6.0111 0.0962
Car 0.00 0 0.00 0.00 0.00 0.00 0.00 1.4984 1.8986 4.0987 -22.4323 4.1750 -8.0800 -3.0938
Truck 0.00 1 0.00 0.00 0.00 0.00 0.00 4.1526 3.0019 10.9977 52.1879 8.7123 -4.9096 -3.0120
