Car 0.00 0 0.00 0.00 0.00 0.00 0.00 1.5510 1.9022 4.6956 21.4064 -26.2542 -6.4702 1.6141
Car 0.00 1 0.00 0.00 0.00 0.00 0.00 1.5000 1.8998 4.0998 31.3622 -28.3530 -6.5550 1.5620
Car 0.00 0 0.00 0.00 0.00 0.00 0.00 1.5000 2.0370 4.3995 21.7896 -33.4157 -6.4402 1.6147
Car 0.00 0 0.00 0.00 0.00 0.00 0.00 1.5999 1.8990 4.0996 15.6860 31.4610 -7.4486 -1.7575
Car 0.00 1 0.00 0.00 0.00 0.00 0.00 1.5000 1.8990 4.0996 16.7924 37.4949 -7.4503 -1.7575
Car 0.00 1 0.00 0.00 0.00 0.00 0.00 1.5000 1.8998 4.0998 28.0539 -26.9581 -6.4052 1.5446
Car 0.00 0 0.00 0.00 0.00 0.00 0.00 1.5000 1.8998 4.0998 31.9987 -35.4637 -6.4191 1.5969
Car 0.00 1 0.00 0.00 0.00 0.00 0.00 1.5530 1.8990 4.0996 12.8074 36.3256 -7.6325 -1.7575
Car 0.00 0 0.00 0.00 0.00 0.00 0.00 1.6483 1.8736 4.0995 11.5224 29.8328 -7.5421 -1.7575
Pedestrian 0.00 1 0.00 0.00 0.00 0.00 0.00 1.7024 0.7548 0.7211 46.1298 -19.1731 -5.7738 2.2188
Truck 0.00 1 0.00 0.00 0.00 0.00 0.00 4.0830 2.9959 5.8323 46.9842 8.0095 -4.9879 -2.9908
Pedestrian 0.00 0 0.00 0.00 0.00 0.00 0.00 1.8354 0.7406 1.0616 10.7830 -18.8219 -6.5510 -3.0448
Car 0.00 1 0.00 0.00 0.00 0.00 0.00 1.4996 1.8990 4.0996 15.1993 48.9844 -7.6000 -1.7575
Car 0.00 0 0.00 0.00 0.00 0.00 0.00 1.4964 1.9028 4.1049 98.5894 6.4460 -6.0111 0.0962
Truck 0.00 1 0.00 0.00 0.00 0.00 0.00 4.1526 3.0019 10.9977 52.1557 8.7851 -4.9096 -2.9945
Car 0.00 0 0.00 0.00 0.00 0.00 0.00 1.4984 1.8986 4.0987 -54.5930 2.4807 -8.2432 3.1370
Car 0.00 0 0.00 0.00 0.00 0.00 0.00 1.5000 1.9032 4.1049 52.5333 0.9910 -6.6873 0.0828
Pedestrian 0.00 0 0.00 0.00 0.00 0.00 0.00 1.7000 0.6991 0.7910 50.0660 39.6275 -6.1958 -0.5796
