Car 0.00 0 0.00 0.00 0.00 0.00 0.00 1.5510 1.9022 4.6956 21.4054 -26.1926 -6.4702 1.6248
Car 0.00 1 0.00 0.00 0.00 0.00 0.00 1.5000 1.8998 4.0998 31.4005 -28.4241 -6.5550 1.5770
Car 0.00 0 0.00 0.00 0.00 0.00 0.00 1.5000 2.0370 4.3995 21.6990 -33.4436 -6.4402 1.6291
Car 0.00 0 0.00 0.00 0.00 0.00 0.00 1.5999 1.8990 4.0996 15.7484 31.5028 -7.4486 -1.8105
Car 0.00 1 0.00 0.00 0.00 0.00 0.00 1.5000 1.8990 4.0996 16.8115 37.4984 -7.4503 -1.8105
Car 0.00 1 0.00 0.00 0.00 0.00 0.00 1.5000 1.8998 4.0998 28.0159 -26.9713 -6.4052 1.5596
Car 0.00 0 0.00 0.00 0.00 0.00 0.00 1.5000 1.8998 4.0998 31.9577 -35.5078 -6.4191 1.5945
Car 0.00 1 0.00 0.00 0.00 0.00 0.00 1.5530 1.8990 4.0996 12.8774 36.2899 -7.6325 -1.7933
Car 0.00 0 0.00 0.00 0.00 0.00 0.00 1.6483 1.8736 4.0995 11.6015 29.8186 -7.5421 -1.7933
Truck 0.00 0 0.00 0.00 0.00 0.00 0.00 4.0830 2.9959 5.8323 26.1812 5.3379 -4.9879 -2.9144
Car 0.00 1 0.00 0.00 0.00 0.00 0.00 1.4996 1.8990 4.0996 15.0650 48.9025 -7.6000 -1.7750
Car 0.00 0 0.00 0.00 0.00 0.00 0.00 1.4954 1.9024 4.0993 43.9703 14.1639 -6.0972 -3.0280
Truck 0.00 0 0.00 0.00 0.00 0.00 0.00 4.1525 3.0019 10.9977 32.9166 6.1328 -4.8941 -3.0391
Pedestrian 0.00 1 0.00 0.00 0.00 0.00 0.00 1.7322 0.6996 0.7164 41.3250 -8.8177 -5.9497 1.5317
Truck 0.00 0 0.00 0.00 0.00 0.00 0.00 1.9996 2.1980 5.9958 22.9232 -52.2906 -6.0941 1.6144
Truck 0.00 2 0.00 0.00 0.00 0.00 0.00 2.3712 2.2090 6.0020 50.0638 7.8519 -5.7232 -3.0665
