Car 0.00 0 0.00 0.00 0.00 0.00 0.00 1.5510 1.9022 4.6956 21.4272 -26.2225 -6.4702 1.6235
Car 0.00 1 0.00 0.00 0.00 0.00 0.00 1.5000 1.8998 4.0998 31.2887 -28.3660 -6.5550 1.5540
Car 0.00 0 0.00 0.00 0.00 0.00 0.00 1.5000 2.0370 4.3995 21.5916 -33.3602 -6.4402 1.6064
Car 0.00 0 0.00 0.00 0.00 0.00 0.00 1.5999 1.8990 4.0996 15.6535 31.5357 -7.4486 -1.8144
Car 0.00 1 0.00 0.00 0.00 0.00 0.00 1.5000 1.8990 4.0996 16.8999 37.4265 -7.4503 -1.8150
Car 0.00 1 0.00 0.00 0.00 0.00 0.00 1.5000 1.8998 4.0998 28.0784 -26.9597 -6.4052 1.5537
Car 0.00 0 0.00 0.00 0.00 0.00 0.00 1.5000 1.8998 4.0998 31.9948 -35.3943 -6.4191 1.5715
Car 0.00 1 0.00 0.00 0.00 0.00 0.00 1.5530 1.8990 4.0996 12.8762 36.2266 -7.6325 -1.8150
Car 0.00 0 0.00 0.00 0.00 0.00 0.00 1.6483 1.8736 4.0995 11.5572 29.8140 -7.5421 -1.7969
Truck 0.00 1 0.00 0.00 0.00 0.00 0.00 4.0830 2.9959 5.8323 26.9313 -9.2324 -4.9879 -0.3495
Car 0.00 1 0.00 0.00 0.00 0.00 0.00 1.4996 1.8990 4.0996 15.2879 48.6513 -7.6000 -1.8150
Car 0.00 0 0.00 0.00 0.00 0.00 0.00 1.4954 1.9024 4.0993 43.9674 14.2070 -6.0972 -2.9315
Truck 0.00 0 0.00 0.00 0.00 0.00 0.00 4.1525 3.0019 10.9977 24.9453 -3.0610 -4.8941 -1.5189
Truck 0.00 0 0.00 0.00 0.00 0.00 0.00 1.9996 2.1980 5.9958 21.8755 -40.6588 -6.0941 1.6064
Truck 0.00 1 0.00 0.00 0.00 0.00 0.00 2.0080 2.2032 5.9814 51.0991 8.2087 -5.3721 -2.9852
Car 0.00 1 0.00 0.00 0.00 0.00 0.00 1.4978 1.9028 4.0956 26.0556 -39.8350 -6.4348 1.6119
Car 0.00 1 0.00 0.00 0.00 0.00 0.00 1.5018 1.9004 4.0996 43.2741 10.9514 -6.4196 -2.9664
Truck 0.00 0 0.00 0.00 0.00 0.00 0.00 2.3712 2.2090 6.0020 33.9973 6.5297 -6.1021 -3.0028
Pedestrian 0.00 0 0.00 0.00 0.00 0.00 0.00 1.7156 0.6988 1.0352 -20.3207 -20.2638 -7.6748 -2.4254
