Car 0.00 0 0.00 0.00 0.00 0.00 0.00 1.5510 1.9022 4.6956 21.4187 -26.2326 -6.4702 1.6235
Car 0.00 1 0.00 0.00 0.00 0.00 0.00 1.5000 1.8998 4.0998 31.2874 -28.4275 -6.5550 1.5540
Car 0.00 0 0.00 0.00 0.00 0.00 0.00 1.5000 2.0370 4.3995 21.5921 -33.3629 -6.4402 1.6064
Car 0.00 0 0.00 0.00 0.00 0.00 0.00 1.5999 1.8990 4.0996 15.7165 31.5335 -7.4486 -1.8144
Car 0.00 1 0.00 0.00 0.00 0.00 0.00 1.5000 1.8990 4.0996 16.8232 37.4448 -7.4503 -1.8150
Car 0.00 1 0.00 0.00 0.00 0.00 0.00 1.5000 1.8998 4.0998 28.0785 -26.9596 -6.4052 1.5537
Car 0.00 0 0.00 0.00 0.00 0.00 0.00 1.5000 1.8998 4.0998 32.0009 -35.4368 -6.4191 1.5715
Car 0.00 1 0.00 0.00 0.00 0.00 0.00 1.5530 1.8990 4.0996 12.8760 36.2273 -7.6325 -1.8150
Car 0.00 0 0.00 0.00 0.00 0.00 0.00 1.6483 1.8736 4.0995 11.6016 29.8232 -7.5421 -1.7969
Truck 0.00 2 0.00 0.00 0.00 0.00 0.00 4.0830 2.9959 5.8323 31.2007 -8.8116 -4.9879 0.1218
Car 0.00 1 0.00 0.00 0.00 0.00 0.00 1.4996 1.8990 4.0996 15.2853 48.6490 -7.6000 -1.8150
Car 0.00 0 0.00 0.00 0.00 0.00 0.00 1.4954 1.9024 4.0993 43.9576 14.2035 -6.0972 -2.9315
Truck 0.00 0 0.00 0.00 0.00 0.00 0.00 4.1525 3.0019 10.9977 26.6204 -4.5126 -4.8941 -1.0477
Truck 0.00 0 0.00 0.00 0.00 0.00 0.00 1.9996 2.1980 5.9958 21.8757 -40.6765 -6.0941 1.6064
Truck 0.00 1 0.00 0.00 0.00 0.00 0.00 2.0080 2.2032 5.9814 47.6452 7.8639 -5.3721 -2.9852
Car 0.00 1 0.00 0.00 0.00 0.00 0.00 1.4978 1.9028 4.0956 25.4246 -37.2413 -6.4348 1.6238
Car 0.00 1 0.00 0.00 0.00 0.00 0.00 1.5018 1.9004 4.0996 43.4010 10.9545 -6.4196 -2.9664
Truck 0.00 0 0.00 0.00 0.00 0.00 0.00 2.3712 2.2090 6.0020 30.8208 6.2300 -6.1021 -2.9330
Pedestrian 0.00 0 0.00 0.00 0.00 0.00 0.00 1.7156 0.6988 1.0352 -21.9746 -20.4515 -7.6748 -2.4249
