Car 0.00 0 0.00 0.00 0.00 0.00 0.00 1.5510 1.9022 4.6956 21.4192 -26.2038 -6.4702 1.6248
Car 0.00 1 0.00 0.00 0.00 0.00 0.00 1.5000 1.8998 4.0998 31.4075 -28.4172 -6.5550 1.5770
Car 0.00 0 0.00 0.00 0.00 0.00 0.00 1.5000 2.0370 4.3995 21.6855 -33.4505 -6.4402 1.6291
Car 0.00 0 0.00 0.00 0.00 0.00 0.00 1.5999 1.8990 4.0996 15.6654 31.5524 -7.4486 -1.8105
Car 0.00 1 0.00 0.00 0.00 0.00 0.00 1.5000 1.8990 4.0996 16.8656 37.4252 -7.4503 -1.8105
Car 0.00 1 0.00 0.00 0.00 0.00 0.00 1.5000 1.8998 4.0998 28.0920 -26.9609 -6.4052 1.5596
Car 0.00 0 0.00 0.00 0.00 0.00 0.00 1.5000 1.8998 4.0998 31.9389 -35.4744 -6.4191 1.5945
Car 0.00 1 0.00 0.00 0.00 0.00 0.00 1.5530 1.8990 4.0996 12.9058 36.2927 -7.6325 -1.7933
Car 0.00 0 0.00 0.00 0.00 0.00 0.00 1.6483 1.8736 4.0995 11.5891 29.8355 -7.5421 -1.7933
Truck 0.00 1 0.00 0.00 0.00 0.00 0.00 4.0830 2.9959 5.8323 21.2395 -2.3831 -4.9879 -1.7380
Car 0.00 1 0.00 0.00 0.00 0.00 0.00 1.4996 1.8990 4.0996 14.9708 48.7707 -7.6000 -1.7750
Car 0.00 0 0.00 0.00 0.00 0.00 0.00 1.4954 1.9024 4.0993 43.9625 14.1407 -6.0972 -3.0280
Truck 0.00 0 0.00 0.00 0.00 0.00 0.00 4.1525 3.0019 10.9977 25.3146 2.4421 -4.8941 -2.4283
Pedestrian 0.00 1 0.00 0.00 0.00 0.00 0.00 1.7322 0.6996 0.7164 41.4434 -8.7520 -5.9789 1.5317
Truck 0.00 0 0.00 0.00 0.00 0.00 0.00 1.9996 2.1980 5.9958 22.2973 -43.3248 -6.0941 1.6144
Truck 0.00 0 0.00 0.00 0.00 0.00 0.00 2.0080 2.2032 5.9814 60.7430 9.2345 -5.3721 -3.0280
