Car 0.00 0 0.00 0.00 0.00 0.00 0.00 1.5510 1.9022 4.6956 21.4052 -26.1856 -6.4702 1.6248
Car 0.00 1 0.00 0.00 0.00 0.00 0.00 1.5000 1.8998 4.0998 31.4107 -28.4169 -6.5550 1.5770
Car 0.00 0 0.00 0.00 0.00 0.00 0.00 1.5000 2.0370 4.3995 21.7323 -33.3936 -6.4402 1.6291
Car 0.00 0 0.00 0.00 0.00 0.00 0.00 1.5999 1.8990 4.0996 15.7405 31.5144 -7.4486 -1.8105
Car 0.00 1 0.00 0.00 0.00 0.00 0.00 1.5000 1.8990 4.0996 16.8339 37.4663 -7.4503 -1.8105
Car 0.00 1 0.00 0.00 0.00 0.00 0.00 1.5000 1.8998 4.0998 28.0652 -26.9529 -6.4052 1.5596
Car 0.00 0 0.00 0.00 0.00 0.00 0.00 1.5000 1.8998 4.0998 31.9586 -35.4361 -6.4191 1.5945
Car 0.00 1 0.00 0.00 0.00 0.00 0.00 1.5530 1.8990 4.0996 12.8406 36.2818 -7.6325 -1.7933
Car 0.00 0 0.00 0.00 0.00 0.00 0.00 1.6483 1.8736 4.0995 11.5967 29.8295 -7.5421 -1.7933
Truck 0.00 1 0.00 0.00 0.00 0.00 0.00 4.0830 2.9959 5.8323 22.9724 -6.6646 -4.9879 -1.1112
Car 0.00 1 0.00 0.00 0.00 0.00 0.00 1.4996 1.8990 4.0996 15.1013 48.6945 -7.6000 -1.7750
Car 0.00 0 0.00 0.00 0.00 0.00 0.00 1.4954 1.9024 4.0993 43.9651 14.1364 -6.0972 -3.0280
Truck 0.00 0 0.00 0.00 0.00 0.00 0.00 4.1525 3.0019 10.9977 24.2682 -0.7394 -4.8941 -1.9571
Pedestrian 0.00 1 0.00 0.00 0.00 0.00 0.00 1.7322 0.6996 0.7164 41.3270 -8.8287 -5.9497 1.5317
Truck 0.00 0 0.00 0.00 0.00 0.00 0.00 1.9996 2.1980 5.9958 22.1739 -41.9765 -6.0941 1.6144
Truck 0.00 0 0.00 0.00 0.00 0.00 0.00 2.0080 2.2032 5.9814 55.9268 8.7567 -5.3721 -3.0280
Car 0.00 1 0.00 0.00 0.00 0.00 0.00 1.4978 1.9028 4.0956 25.9995 -43.7707 -6.4348 1.6119
Car 0.00 0 0.00 0.00 0.00 0.00 0.00 1.5018 1.9004 4.0996 43.4202 10.5362 -6.4196 -3.0280
