Car 0.00 0 0.00 0.00 0.00 0.00 0.00 1.5510 1.9022 4.6956 21.4418 -26.1897 -6.4702 1.6248
Car 0.00 1 0.00 0.00 0.00 0.00 0.00 1.5000 1.8998 4.0998 31.4569 -28.4119 -6.5550 1.5770
Car 0.00 0 0.00 0.00 0.00 0.00 0.00 1.5000 2.0370 4.3995 21.6651 -33.4617 -6.4402 1.6291
Car 0.00 0 0.00 0.00 0.00 0.00 0.00 1.5999 1.8990 4.0996 15.7126 31.5393 -7.4486 -1.8105
Car 0.00 1 0.00 0.00 0.00 0.00 0.00 1.5000 1.8990 4.0996 16.8433 37.4915 -7.4503 -1.8105
Car 0.00 1 0.00 0.00 0.00 0.00 0.00 1.5000 1.8998 4.0998 28.0479 -26.9486 -6.4052 1.5596
Car 0.00 0 0.00 0.00 0.00 0.00 0.00 1.5000 1.8998 4.0998 31.9737 -35.4431 -6.4191 1.5945
Car 0.00 1 0.00 0.00 0.00 0.00 0.00 1.5530 1.8990 4.0996 12.8364 36.2666 -7.6325 -1.7933
Car 0.00 0 0.00 0.00 0.00 0.00 0.00 1.6483 1.8736 4.0995 11.5981 29.8045 -7.5421 -1.7933
Truck 0.00 0 0.00 0.00 0.00 0.00 0.00 4.0830 2.9959 5.8323 28.1537 5.8091 -4.9879 -3.0539
Car 0.00 1 0.00 0.00 0.00 0.00 0.00 1.4996 1.8990 4.0996 15.1657 48.8986 -7.6000 -1.7750
Car 0.00 0 0.00 0.00 0.00 0.00 0.00 1.4954 1.9024 4.0993 43.8409 14.1936 -6.0972 -3.0280
Truck 0.00 0 0.00 0.00 0.00 0.00 0.00 4.1525 3.0019 10.9977 34.9745 6.5184 -4.8941 -3.0565
Car 0.00 1 0.00 0.00 0.00 0.00 0.00 1.5034 1.9028 4.1032 29.0243 63.6255 -6.8614 1.4209
Pedestrian 0.00 1 0.00 0.00 0.00 0.00 0.00 1.7322 0.6996 0.7164 41.4540 -8.4969 -6.0167 1.5317
Truck 0.00 0 0.00 0.00 0.00 0.00 0.00 1.9996 2.1980 5.9958 23.3187 -56.1554 -6.0941 1.6144
