Car 0.00 0 0.00 0.00 0.00 0.00 0.00 1.5510 1.9022 4.6956 21.4086 -26.2093 -6.4702 1.6248
Car 0.00 1 0.00 0.00 0.00 0.00 0.00 1.5000 1.8998 4.0998 31.4042 -28.4007 -6.5550 1.5770
Car 0.00 0 0.00 0.00 0.00 0.00 0.00 1.5000 2.0370 4.3995 21.6516 -33.3483 -6.4402 1.6291
Car 0.00 0 0.00 0.00 0.00 0.00 0.00 1.5999 1.8990 4.0996 15.7571 31.5174 -7.4486 -1.8105
Car 0.00 1 0.00 0.00 0.00 0.00 0.00 1.5000 1.8990 4.0996 16.8295 37.4976 -7.4503 -1.8105
Car 0.00 1 0.00 0.00 0.00 0.00 0.00 1.5000 1.8998 4.0998 28.0750 -26.9671 -6.4052 1.5596
Car 0.00 0 0.00 0.00 0.00 0.00 0.00 1.5000 1.8998 4.0998 31.9788 -35.4971 -6.4191 1.5945
Car 0.00 1 0.00 0.00 0.00 0.00 0.00 1.5530 1.8990 4.0996 12.8306 36.2621 -7.6325 -1.7933
Car 0.00 0 0.00 0.00 0.00 0.00 0.00 1.6483 1.8736 4.0995 11.6031 29.8293 -7.5421 -1.7933
Truck 0.00 0 0.00 0.00 0.00 0.00 0.00 4.0830 2.9959 5.8323 34.5450 6.6839 -4.9879 -3.0539
Car 0.00 1 0.00 0.00 0.00 0.00 0.00 1.4996 1.8990 4.0996 15.0482 48.9147 -7.6000 -1.7750
Car 0.00 0 0.00 0.00 0.00 0.00 0.00 1.4954 1.9024 4.0993 43.9563 14.1501 -6.0972 -3.0280
Truck 0.00 0 0.00 0.00 0.00 0.00 0.00 4.1525 3.0019 10.9977 41.3333 7.3149 -4.8941 -3.0565
Car 0.00 0 0.00 0.00 0.00 0.00 0.00 1.5034 1.9028 4.1032 27.6882 38.2070 -6.8614 1.4034
Car 0.00 0 0.00 0.00 0.00 0.00 0.00 1.5018 1.9004 4.0996 46.0864 11.1822 -6.2447 -3.0280
Pedestrian 0.00 1 0.00 0.00 0.00 0.00 0.00 1.7322 0.6996 0.7164 41.1755 -8.6796 -5.9497 1.5317
