Car 0.00 0 0.00 0.00 0.00 0.00 0.00 1.5510 1.9022 4.6956 21.4303 -26.2210 -6.4702 1.6235
Car 0.00 1 0.00 0.00 0.00 0.00 0.00 1.5000 1.8998 4.0998 31.2881 -28.4263 -6.5550 1.5540
Car 0.00 0 0.00 0.00 0.00 0.00 0.00 1.5000 2.0370 4.3995 21.5929 -33.3737 -6.4402 1.6064
Car 0.00 0 0.00 0.00 0.00 0.00 0.00 1.5999 1.8990 4.0996 15.7185 31.5430 -7.4486 -1.8144
Car 0.00 1 0.00 0.00 0.00 0.00 0.00 1.5000 1.8990 4.0996 16.8226 37.4433 -7.4503 -1.8150
Car 0.00 1 0.00 0.00 0.00 0.00 0.00 1.5000 1.8998 4.0998 28.0784 -26.9595 -6.4052 1.5537
Car 0.00 0 0.00 0.00 0.00 0.00 0.00 1.5000 1.8998 4.0998 32.0236 -35.3983 -6.4191 1.5715
Car 0.00 1 0.00 0.00 0.00 0.00 0.00 1.5530 1.8990 4.0996 12.8758 36.2276 -7.6325 -1.8150
Car 0.00 0 0.00 0.00 0.00 0.00 0.00 1.6483 1.8736 4.0995 11.5730 29.8176 -7.5421 -1.7969
Truck 0.00 2 0.00 0.00 0.00 0.00 0.00 4.0830 2.9959 5.8323 32.7722 -8.0010 -4.9879 0.3487
Car 0.00 1 0.00 0.00 0.00 0.00 0.00 1.4996 1.8990 4.0996 15.2840 48.6482 -7.6000 -1.8150
Car 0.00 0 0.00 0.00 0.00 0.00 0.00 1.4954 1.9024 4.0993 43.9656 14.2050 -6.0972 -2.9315
Truck 0.00 0 0.00 0.00 0.00 0.00 0.00 4.1525 3.0019 10.9977 27.5352 -4.8680 -4.8941 -0.8383
Truck 0.00 0 0.00 0.00 0.00 0.00 0.00 1.9996 2.1980 5.9958 21.9902 -40.6962 -6.0941 1.6064
Truck 0.00 1 0.00 0.00 0.00 0.00 0.00 2.0080 2.2032 5.9814 46.5771 7.7800 -5.3721 -2.9852
Car 0.00 1 0.00 0.00 0.00 0.00 0.00 1.4978 1.9028 4.0956 25.3643 -36.2330 -6.4348 1.6238
Car 0.00 1 0.00 0.00 0.00 0.00 0.00 1.5018 1.9004 4.0996 43.4275 10.9553 -6.4196 -2.9664
Truck 0.00 0 0.00 0.00 0.00 0.00 0.00 2.3712 2.2090 6.0020 29.2514 5.9674 -6.1021 -2.9156
Pedestrian 0.00 0 0.00 0.00 0.00 0.00 0.00 1.7156 0.6988 1.0352 -22.5849 -20.4243 -7.6748 -2.2329
