Car 0.00 0 0.00 0.00 0.00 0.00 0.00 1.5510 1.9022 4.6956 21.4251 -26.2308 -6.4702 1.6235
Car 0.00 1 0.00 0.00 0.00 0.00 0.00 1.5000 1.8998 4.0998 31.4239 -28.4025 -6.5550 1.5540
Car 0.00 0 0.00 0.00 0.00 0.00 0.00 1.5000 2.0370 4.3995 21.6622 -33.3165 -6.4402 1.6064
Car 0.00 0 0.00 0.00 0.00 0.00 0.00 1.5999 1.8990 4.0996 15.6487 31.5029 -7.4486 -1.8144
Car 0.00 1 0.00 0.00 0.00 0.00 0.00 1.5000 1.8990 4.0996 16.7918 37.4577 -7.4503 -1.8150
Car 0.00 1 0.00 0.00 0.00 0.00 0.00 1.5000 1.8998 4.0998 28.0660 -26.9332 -6.4052 1.5537
Car 0.00 0 0.00 0.00 0.00 0.00 0.00 1.5000 1.8998 4.0998 31.9222 -35.3994 -6.4191 1.5715
Car 0.00 1 0.00 0.00 0.00 0.00 0.00 1.5530 1.8990 4.0996 12.8495 36.2012 -7.6325 -1.8150
Car 0.00 0 0.00 0.00 0.00 0.00 0.00 1.6483 1.8736 4.0995 11.5486 29.8269 -7.5421 -1.7795
Car 0.00 1 0.00 0.00 0.00 0.00 0.00 1.4996 1.8990 4.0996 15.1804 48.6480 -7.6000 -1.8150
Car 0.00 0 0.00 0.00 0.00 0.00 0.00 1.4954 1.9024 4.0993 43.9653 14.2102 -6.0972 -2.9315
Truck 0.00 0 0.00 0.00 0.00 0.00 0.00 4.1525 3.0019 10.9977 64.5548 1.2694 -4.8941 0.1741
Truck 0.00 0 0.00 0.00 0.00 0.00 0.00 1.9996 2.1980 5.9958 22.0124 -40.5693 -6.0941 1.6064
Truck 0.00 0 0.00 0.00 0.00 0.00 0.00 2.0080 2.2032 5.9814 19.2631 -0.0640 -5.3721 -2.4264
Car 0.00 1 0.00 0.00 0.00 0.00 0.00 1.5018 1.9004 4.0996 43.2165 10.9092 -6.4196 -2.9664
Truck 0.00 0 0.00 0.00 0.00 0.00 0.00 2.3712 2.2090 6.0020 13.2358 -28.6530 -6.1021 -1.5194
Car 0.00 0 0.00 0.00 0.00 0.00 0.00 1.4988 1.8988 4.4506 14.5664 -8.7087 -6.6137 -1.9858
Pedestrian 0.00 1 0.00 0.00 0.00 0.00 0.00 1.7000 0.7049 0.6977 41.3725 -8.8480 -6.0007 1.4639
Car 0.00 1 0.00 0.00 0.00 0.00 0.00 1.4960 1.8990 4.1016 25.0450 -35.9163 -6.3787 1.6064
Car 0.00 0 0.00 0.00 0.00 0.00 0.00 1.5312 1.8982 4.1041 33.1633 6.3711 -6.3594 -2.9770
Car 0.00 1 0.00 0.00 0.00 0.00 0.00 1.4975 1.9044 4.1025 41.9516 7.2822 -6.2146 -3.0362
Car 0.00 0 0.00 0.00 0.00 0.00 0.00 1.4960 1.8990 4.1016 -42.5765 -8.3086 -8.3294 0.0705
Car 0.00 0 0.00 0.00 0.00 0.00 0.00 1.4960 1.8990 4.1016 -60.7341 -7.4334 -8.3550 0.0880
