Car 0.00 0 0.00 0.00 0.00 0.00 0.00 1.5510 1.9022 4.6956 21.4367 -26.2107 -6.4702 1.6235
Car 0.00 1 0.00 0.00 0.00 0.00 0.00 1.5000 1.8998 4.0998 31.4000 -28.3902 -6.5550 1.5540
Car 0.00 0 0.00 0.00 0.00 0.00 0.00 1.5000 2.0370 4.3995 21.5787 -33.0239 -6.4402 1.6064
Car 0.00 0 0.00 0.00 0.00 0.00 0.00 1.5999 1.8990 4.0996 15.6555 31.5363 -7.4486 -1.8144
Car 0.00 1 0.00 0.00 0.00 0.00 0.00 1.5000 1.8990 4.0996 16.8129 37.4572 -7.4503 -1.8150
Car 0.00 1 0.00 0.00 0.00 0.00 0.00 1.5000 1.8998 4.0998 28.0551 -26.9607 -6.4052 1.5537
Car 0.00 0 0.00 0.00 0.00 0.00 0.00 1.5000 1.8998 4.0998 31.9245 -35.4077 -6.4191 1.5715
Car 0.00 1 0.00 0.00 0.00 0.00 0.00 1.5530 1.8990 4.0996 12.8847 36.2641 -7.6325 -1.8150
Car 0.00 0 0.00 0.00 0.00 0.00 0.00 1.6483 1.8736 4.0995 11.5367 29.8272 -7.5421 -1.7795
Car 0.00 1 0.00 0.00 0.00 0.00 0.00 1.4996 1.8990 4.0996 15.1690 48.6523 -7.6000 -1.8150
Car 0.00 0 0.00 0.00 0.00 0.00 0.00 1.4954 1.9024 4.0993 43.9482 14.2106 -6.0972 -2.9315
Truck 0.00 0 0.00 0.00 0.00 0.00 0.00 4.1525 3.0019 10.9977 85.7546 5.3261 -4.8941 0.1567
Truck 0.00 0 0.00 0.00 0.00 0.00 0.00 1.9996 2.1980 5.9958 22.0139 -40.6117 -6.0941 1.6064
Truck 0.00 0 0.00 0.00 0.00 0.00 0.00 2.0080 2.2032 5.9814 12.1879 -17.1669 -5.3721 -1.6064
Car 0.00 1 0.00 0.00 0.00 0.00 0.00 1.5018 1.9004 4.0996 43.2225 10.9102 -6.4196 -2.9664
Car 0.00 0 0.00 0.00 0.00 0.00 0.00 1.4988 1.8988 4.4506 13.3111 -32.4527 -6.6137 -1.4981
Pedestrian 0.00 1 0.00 0.00 0.00 0.00 0.00 1.7000 0.7049 0.6977 41.3725 -8.8480 -6.0007 1.4639
Car 0.00 1 0.00 0.00 0.00 0.00 0.00 1.4960 1.8990 4.1016 25.2080 -35.9710 -6.3787 1.6064
Car 0.00 0 0.00 0.00 0.00 0.00 0.00 1.5312 1.8982 4.1041 18.8680 -2.1002 -6.3594 -2.2785
Car 0.00 0 0.00 0.00 0.00 0.00 0.00 1.4975 1.9044 4.1025 27.2140 4.7838 -6.2146 -2.8268
Car 0.00 0 0.00 0.00 0.00 0.00 0.00 1.4960 1.8990 4.1016 -26.2927 -7.6042 -8.3294 0.0705
Car 0.00 0 0.00 0.00 0.00 0.00 0.00 1.4960 1.8990 4.1016 -41.4326 -7.7053 -8.3550 0.0182
Car 0.00 1 0.00 0.00 0.00 0.00 0.00 1.4982 1.8990 4.1016 14.3584 42.8622 -7.6255 -1.8150
Truck 0.00 0 0.00 0.00 0.00 0.00 0.00 2.5492 2.1288 5.4747 16.7954 -59.2586 -5.8839 -1.4321
