Car 0.00 0 0.00 0.00 0.00 0.00 0.00 1.5510 1.9022 4.6956 21.4147 -26.2284 -6.4702 1.6235
Car 0.00 1 0.00 0.00 0.00 0.00 0.00 1.5000 1.8998 4.0998 31.2898 -28.4106 -6.5550 1.5540
Car 0.00 0 0.00 0.00 0.00 0.00 0.00 1.5000 2.0370 4.3995 21.5937 -33.3643 -6.4402 1.6064
Car 0.00 0 0.00 0.00 0.00 0.00 0.00 1.5999 1.8990 4.0996 15.6512 31.5249 -7.4486 -1.8144
Car 0.00 1 0.00 0.00 0.00 0.00 0.00 1.5000 1.8990 4.0996 16.8187 37.4229 -7.4503 -1.8150
Car 0.00 1 0.00 0.00 0.00 0.00 0.00 1.5000 1.8998 4.0998 28.0978 -26.9454 -6.4052 1.5537
Car 0.00 0 0.00 0.00 0.00 0.00 0.00 1.5000 1.8998 4.0998 31.9851 -35.3941 -6.4191 1.5715
Car 0.00 1 0.00 0.00 0.00 0.00 0.00 1.5530 1.8990 4.0996 12.8754 36.2282 -7.6325 -1.8150
Car 0.00 0 0.00 0.00 0.00 0.00 0.00 1.6483 1.8736 4.0995 11.5293 29.8477 -7.5421 -1.7795
Car 0.00 1 0.00 0.00 0.00 0.00 0.00 1.4996 1.8990 4.0996 15.2801 48.6397 -7.6000 -1.8150
Car 0.00 0 0.00 0.00 0.00 0.00 0.00 1.4954 1.9024 4.0993 43.9434 14.2006 -6.0972 -2.9315
Truck 0.00 0 0.00 0.00 0.00 0.00 0.00 4.1525 3.0019 10.9977 42.6512 -3.8804 -4.8941 0.2614
Truck 0.00 0 0.00 0.00 0.00 0.00 0.00 1.9996 2.1980 5.9958 22.0126 -40.5669 -6.0941 1.6064
Truck 0.00 0 0.00 0.00 0.00 0.00 0.00 2.0080 2.2032 5.9814 37.5996 6.9091 -5.3721 -2.9852
Car 0.00 1 0.00 0.00 0.00 0.00 0.00 1.4978 1.9028 4.0956 24.9147 -30.4409 -6.4348 1.6238
Car 0.00 1 0.00 0.00 0.00 0.00 0.00 1.5018 1.9004 4.0996 43.3600 10.9415 -6.4196 -2.9664
Truck 0.00 0 0.00 0.00 0.00 0.00 0.00 2.3712 2.2090 6.0020 16.9097 -1.9583 -6.1021 -2.1998
Car 0.00 0 0.00 0.00 0.00 0.00 0.00 1.4988 1.8988 4.4506 25.4708 5.0164 -6.6137 -2.7018
Pedestrian 0.00 1 0.00 0.00 0.00 0.00 0.00 1.7000 0.7049 0.6977 41.3725 -8.8480 -6.0007 1.4639
Car 0.00 1 0.00 0.00 0.00 0.00 0.00 1.4960 1.8990 4.1016 25.2511 -39.4052 -6.3787 1.6064
