Car 0.00 0 0.00 0.00 0.00 0.00 0.00 1.5510 1.9022 4.6956 21.4367 -26.2228 -6.4702 1.6235
Car 0.00 1 0.00 0.00 0.00 0.00 0.00 1.5000 1.8998 4.0998 31.4226 -28.4020 -6.5550 1.5540
Car 0.00 0 0.00 0.00 0.00 0.00 0.00 1.5000 2.0370 4.3995 21.6322 -33.3699 -6.4402 1.6064
Car 0.00 0 0.00 0.00 0.00 0.00 0.00 1.5999 1.8990 4.0996 15.6839 31.5157 -7.4486 -1.8144
Car 0.00 1 0.00 0.00 0.00 0.00 0.00 1.5000 1.8990 4.0996 16.7982 37.4505 -7.4503 -1.8150
Car 0.00 1 0.00 0.00 0.00 0.00 0.00 1.5000 1.8998 4.0998 28.0624 -26.9173 -6.4052 1.5537
Car 0.00 0 0.00 0.00 0.00 0.00 0.00 1.5000 1.8998 4.0998 32.0010 -35.4012 -6.4191 1.5715
Car 0.00 1 0.00 0.00 0.00 0.00 0.00 1.5530 1.8990 4.0996 12.8454 36.2009 -7.6325 -1.8150
Car 0.00 0 0.00 0.00 0.00 0.00 0.00 1.6483 1.8736 4.0995 11.5441 29.8250 -7.5421 -1.7795
Car 0.00 1 0.00 0.00 0.00 0.00 0.00 1.4996 1.8990 4.0996 15.2588 48.6453 -7.6000 -1.8150
Car 0.00 0 0.00 0.00 0.00 0.00 0.00 1.4954 1.9024 4.0993 43.9028 14.2461 -6.0972 -2.9315
Truck 0.00 0 0.00 0.00 0.00 0.00 0.00 4.1525 3.0019 10.9977 69.5873 2.0940 -4.8941 0.1567
Truck 0.00 0 0.00 0.00 0.00 0.00 0.00 1.9996 2.1980 5.9958 22.0134 -40.5989 -6.0941 1.6064
Truck 0.00 0 0.00 0.00 0.00 0.00 0.00 2.0080 2.2032 5.9814 16.4168 -3.4920 -5.3721 -2.2170
Car 0.00 1 0.00 0.00 0.00 0.00 0.00 1.5018 1.9004 4.0996 43.2215 10.9100 -6.4196 -2.9664
Truck 0.00 0 0.00 0.00 0.00 0.00 0.00 2.3712 2.2090 6.0020 13.4521 -35.2281 -6.1021 -1.5194
Car 0.00 0 0.00 0.00 0.00 0.00 0.00 1.4988 1.8988 4.4506 12.5727 -14.8448 -6.6137 -1.6725
Pedestrian 0.00 1 0.00 0.00 0.00 0.00 0.00 1.7000 0.7049 0.6977 41.3725 -8.8480 -6.0007 1.4639
Car 0.00 1 0.00 0.00 0.00 0.00 0.00 1.4960 1.8990 4.1016 25.0467 -35.9463 -6.3787 1.6064
Car 0.00 0 0.00 0.00 0.00 0.00 0.00 1.5312 1.8982 4.1041 29.3521 5.4420 -6.3594 -2.8893
Car 0.00 1 0.00 0.00 0.00 0.00 0.00 1.4975 1.9044 4.1025 38.3424 6.9368 -6.2146 -3.0013
Car 0.00 0 0.00 0.00 0.00 0.00 0.00 1.4960 1.8990 4.1016 -37.4104 -8.1807 -8.3294 0.0182
Car 0.00 0 0.00 0.00 0.00 0.00 0.00 1.4960 1.8990 4.1016 -54.9961 -7.8331 -8.3550 0.0880
