Car 0.00 0 0.00 0.00 0.00 0.00 0.00 1.5510 1.9022 4.6956 21.4204 -26.2300 -6.4702 1.6235
Car 0.00 1 0.00 0.00 0.00 0.00 0.00 1.5000 1.8998 4.0998 31.4234 -28.4023 -6.5550 1.5540
Car 0.00 0 0.00 0.00 0.00 0.00 0.00 1.5000 2.0370 4.3995 21.6519 -33.2711 -6.4402 1.6064
Car 0.00 0 0.00 0.00 0.00 0.00 0.00 1.5999 1.8990 4.0996 15.6482 31.5048 -7.4486 -1.8144
Car 0.00 1 0.00 0.00 0.00 0.00 0.00 1.5000 1.8990 4.0996 16.8007 37.4822 -7.4503 -1.8150
Car 0.00 1 0.00 0.00 0.00 0.00 0.00 1.5000 1.8998 4.0998 28.1129 -26.9300 -6.4052 1.5537
Car 0.00 0 0.00 0.00 0.00 0.00 0.00 1.5000 1.8998 4.0998 31.9164 -35.4153 -6.4191 1.5715
Car 0.00 1 0.00 0.00 0.00 0.00 0.00 1.5530 1.8990 4.0996 12.8481 36.2011 -7.6325 -1.8150
Car 0.00 0 0.00 0.00 0.00 0.00 0.00 1.6483 1.8736 4.0995 11.5429 29.8366 -7.5421 -1.7795
Car 0.00 1 0.00 0.00 0.00 0.00 0.00 1.4996 1.8990 4.0996 15.1840 48.6422 -7.6000 -1.8150
Car 0.00 0 0.00 0.00 0.00 0.00 0.00 1.4954 1.9024 4.0993 43.9604 14.2094 -6.0972 -2.9315
Truck 0.00 0 0.00 0.00 0.00 0.00 0.00 4.1525 3.0019 10.9977 66.1869 1.4587 -4.8941 0.1567
Truck 0.00 0 0.00 0.00 0.00 0.00 0.00 1.9996 2.1980 5.9958 22.0128 -40.5792 -6.0941 1.6064
Truck 0.00 0 0.00 0.00 0.00 0.00 0.00 2.0080 2.2032 5.9814 18.2800 -1.1301 -5.3721 -2.3566
Car 0.00 1 0.00 0.00 0.00 0.00 0.00 1.5018 1.9004 4.0996 43.2209 10.9099 -6.4196 -2.9664
Truck 0.00 0 0.00 0.00 0.00 0.00 0.00 2.3712 2.2090 6.0020 13.5008 -31.0879 -6.1021 -1.5194
Car 0.00 0 0.00 0.00 0.00 0.00 0.00 1.4988 1.8988 4.4506 13.7393 -10.1699 -6.6137 -2.0207
Pedestrian 0.00 1 0.00 0.00 0.00 0.00 0.00 1.7000 0.7049 0.6977 41.3725 -8.8480 -6.0007 1.4639
Car 0.00 1 0.00 0.00 0.00 0.00 0.00 1.4960 1.8990 4.1016 25.0604 -35.9221 -6.3787 1.6064
Car 0.00 0 0.00 0.00 0.00 0.00 0.00 1.5312 1.8982 4.1041 31.9143 6.0839 -6.3594 -2.9770
Car 0.00 1 0.00 0.00 0.00 0.00 0.00 1.4975 1.9044 4.1025 40.7405 7.1540 -6.2146 -3.0187
Car 0.00 0 0.00 0.00 0.00 0.00 0.00 1.4960 1.8990 4.1016 -40.7099 -8.3067 -8.3294 0.0531
Car 0.00 0 0.00 0.00 0.00 0.00 0.00 1.4960 1.8990 4.1016 -58.8036 -7.5426 -8.3550 0.0182
