Car 0.00 0 0.00 0.00 0.00 0.00 0.00 1.5510 1.9022 4.6956 21.4469 -26.2373 -6.4702 1.6235
Car 0.00 1 0.00 0.00 0.00 0.00 0.00 1.5000 1.8998 4.0998 31.2889 -28.4293 -6.5550 1.5540
Car 0.00 0 0.00 0.00 0.00 0.00 0.00 1.5000 2.0370 4.3995 21.5938 -33.3675 -6.4402 1.6064
Car 0.00 0 0.00 0.00 0.00 0.00 0.00 1.5999 1.8990 4.0996 15.6471 31.5326 -7.4486 -1.8144
Car 0.00 1 0.00 0.00 0.00 0.00 0.00 1.5000 1.8990 4.0996 16.8246 37.4316 -7.4503 -1.8150
Car 0.00 1 0.00 0.00 0.00 0.00 0.00 1.5000 1.8998 4.0998 28.1055 -26.9592 -6.4052 1.5537
Car 0.00 0 0.00 0.00 0.00 0.00 0.00 1.5000 1.8998 4.0998 32.0284 -35.4478 -6.4191 1.5715
Car 0.00 1 0.00 0.00 0.00 0.00 0.00 1.5530 1.8990 4.0996 12.8658 36.2018 -7.6325 -1.8150
Car 0.00 0 0.00 0.00 0.00 0.00 0.00 1.6483 1.8736 4.0995 11.5157 29.8290 -7.5421 -1.7795
Car 0.00 1 0.00 0.00 0.00 0.00 0.00 1.4996 1.8990 4.0996 15.2798 48.6379 -7.6000 -1.8150
Car 0.00 0 0.00 0.00 0.00 0.00 0.00 1.4954 1.9024 4.0993 43.9551 14.2048 -6.0972 -2.9315
Truck 0.00 0 0.00 0.00 0.00 0.00 0.00 4.1525 3.0019 10.9977 47.1027 -2.7540 -4.8941 0.2265
Truck 0.00 0 0.00 0.00 0.00 0.00 0.00 1.9996 2.1980 5.9958 22.0429 -40.5529 -6.0941 1.6064
Truck 0.00 0 0.00 0.00 0.00 0.00 0.00 2.0080 2.2032 5.9814 34.3878 6.5598 -5.3721 -2.9852
Car 0.00 1 0.00 0.00 0.00 0.00 0.00 1.5018 1.9004 4.0996 43.3380 10.9299 -6.4196 -2.9664
Truck 0.00 0 0.00 0.00 0.00 0.00 0.00 2.3712 2.2090 6.0020 14.9336 -5.6764 -6.1021 -2.0079
Car 0.00 0 0.00 0.00 0.00 0.00 0.00 1.4988 1.8988 4.4506 22.2796 3.3858 -6.6137 -2.5098
Pedestrian 0.00 1 0.00 0.00 0.00 0.00 0.00 1.7000 0.7049 0.6977 41.3725 -8.8480 -6.0007 1.4639
Car 0.00 1 0.00 0.00 0.00 0.00 0.00 1.4960 1.8990 4.1016 25.2096 -38.2392 -6.3787 1.6064
Car 0.00 1 0.00 0.00 0.00 0.00 0.00 1.5312 1.8982 4.1041 45.4067 7.7698 -6.3594 -2.9770
Car 0.00 0 0.00 0.00 0.00 0.00 0.00 1.4960 1.8990 4.1016 -70.3804 -8.1077 -8.4728 0.0008
